1.000000 0.199755
0.666667 0.199755
0.444444 0.000000
0.296296 0.000000
0.197531 0.083557
0.131687 0.042167
0.087791 0.008085
0.058528 0.008064
0.039018 0.008052
0.026012 0.035278
0.017342 0.029373
0.011561 0.059355
0.007707 0.060791
0.005138 0.062500
0.003425 0.062500
0.002284 0.062500
0.001522 0.062500
0.001015 0.062500
0.000677 0.062500
0.000451 0.062500
0.000301 0.062500
0.000200 0.062500
0.000134 0.062500
0.000089 0.062500
0.000059 0.062500
0.000040 0.062500
0.000026 0.062500
0.000018 0.062500
0.000012 0.062500
0.000008 0.062500

1.000000 0.000000
0.666667 0.000000
0.444444 0.000000
0.296296 0.000000
0.197531 0.000000
0.131687 0.001907
0.087791 0.008136
0.058528 0.015922
0.039018 0.015906
0.026012 0.000000
0.017342 0.000000
0.011561 0.000000
0.007707 0.000000
0.005138 0.000000
0.003425 0.000000
0.002284 0.000000
0.001522 0.000000
0.001015 0.000000
0.000677 0.000000
0.000451 0.000000
0.000301 0.000000
0.000200 0.000000
0.000134 0.000000
0.000089 0.000000
0.000059 0.000000
0.000040 0.000000
0.000026 0.000000
0.000018 0.000000
0.000012 0.000000
0.000008 0.000000

1.000000 0.117805
0.666667 0.117805
0.444444 0.117805
0.296296 0.000000
0.197531 0.000000
0.131687 0.077129
0.087791 0.020262
0.058528 0.027250
0.039018 0.080648
0.026012 0.005234
0.017342 0.004662
0.011561 0.000000
0.007707 0.000000
0.005138 0.000000
0.003425 0.000000
0.002284 0.000000
0.001522 0.000000
0.001015 0.000000
0.000677 0.000000
0.000451 0.000000
0.000301 0.000000
0.000200 0.000000
0.000134 0.000000
0.000089 0.000000
0.000059 0.000000
0.000040 0.000000
0.000026 0.000000
0.000018 0.000000
0.000012 0.000000
0.000008 0.000000

1.000000 0.000000
0.666667 0.000000
0.444444 0.000000
0.296296 0.000000
0.197531 0.006816
0.131687 0.000000
0.087791 0.037798
0.058528 0.005519
0.039018 0.005851
0.026012 0.108376
0.017342 0.032124
0.011561 0.005482
0.007707 0.002025
0.005138 0.000000
0.003425 0.000000
0.002284 0.000000
0.001522 0.000000
0.001015 0.000000
0.000677 0.000000
0.000451 0.000000
0.000301 0.000000
0.000200 0.000000
0.000134 0.000000
0.000089 0.000000
0.000059 0.000000
0.000040 0.000000
0.000026 0.000000
0.000018 0.000000
0.000012 0.000000
0.000008 0.000000

1.000000 0.078798
0.666667 0.078798
0.444444 0.078798
0.296296 0.078798
0.197531 0.000148
0.131687 0.040099
0.087791 0.006777
0.058528 0.024842
0.039018 0.098320
0.026012 0.098642
0.017342 0.000000
0.011561 0.000000
0.007707 0.000000
0.005138 0.000000
0.003425 0.000000
0.002284 0.000000
0.001522 0.000000
0.001015 0.000000
0.000677 0.000000
0.000451 0.000000
0.000301 0.000000
0.000200 0.000000
0.000134 0.000000
0.000089 0.000000
0.000059 0.000000
0.000040 0.000000
0.000026 0.000000
0.000018 0.000000
0.000012 0.000000
0.000008 0.000000

1.000000 0.000000
0.666667 0.000000
0.444444 0.000000
0.296296 0.000000
0.197531 0.000000
0.131687 0.000000
0.087791 0.010304
0.058528 0.022362
0.039018 0.079401
0.026012 0.083333
0.017342 0.005120
0.011561 0.004985
0.007707 0.001848
0.005138 0.000000
0.003425 0.000000
0.002284 0.000000
0.001522 0.000000
0.001015 0.000000
0.000677 0.000000
0.000451 0.000000
0.000301 0.000000
0.000200 0.000000
0.000134 0.000000
0.000089 0.000000
0.000059 0.000000
0.000040 0.000000
0.000026 0.000000
0.000018 0.000000
0.000012 0.000000
0.000008 0.000000

